42369   427.149994   433.119995   417.140015   429.950012   429.950012    27758278
42370   429.950012   437.950012   425.859985   433.989990   433.989990    20334286
42371   433.989990   437.429993   430.730011   433.720001   433.720001    14566820
42372   433.720001   434.140015   423.089996   430.700012   430.700012    23490162
42373   430.700012   435.260010   428.600006   433.320007   433.320007    22943968
42374   433.320007   435.250000   428.869995   431.200012   431.200012    19499588
42375   431.200012   432.109985   425.000000   430.820007   430.820007    18702334
42376   430.820007   457.540009   428.519989   457.049988   457.049988    58253615
42377   457.049988   462.920013   446.510010   452.869995   452.869995    41594025
42378   452.869995   454.549988   444.899994   448.309998   448.309998    17967113
42379   448.309998   448.880005   438.619995   446.190002   446.190002    19778456
42380   446.190002   451.079987   441.769989   447.720001   447.720001    25358480
42381   447.720001   448.410004   443.140015   445.040009   445.040009    19913400
42382   445.040009   443.720001   420.390015   432.179993   432.179993    39525195
42383   432.179993   433.739990   427.010010   429.130005   429.130005    19948730
42384   429.130005   430.149994   364.709991   372.260010   372.260010   107060613
42385   372.260010   386.720001   350.390015   385.040009   385.040009    68297105
42386   385.040009   390.720001   377.709991   382.470001   382.470001    25464382
42387   382.470001   387.290009   373.209991   384.399994   384.399994    26546465
42388   384.399994   386.690002   375.890015   379.459991   379.459991    25417876
42389   379.459991   425.720001   374.049988   414.579987   414.579987    76873917
42390   414.579987   423.420013   403.859985   410.239990   410.239990    37264942
42391   410.239990   411.489990   374.899994   382.649994   382.649994    56548790
42392   382.649994   395.429993   380.269989   388.609985   388.609985    23908533
42393   388.609985   405.399994   385.529999   402.130005   402.130005    25770175
42394   402.130005   403.779999   386.850006   392.760010   392.760010    26793044
42395   392.760010   397.739990   387.899994   389.779999   389.779999    22384754
42396   389.779999   397.369995   389.350006   395.019989   395.019989    17297117
42397   395.019989   395.420013   376.709991   379.690002   379.690002    29717813
42398   379.690002   385.750000   363.489990   380.290009   380.290009    51927041
42399   380.290009   381.750000   375.040009   377.760010   377.760010    13720656
42400   377.760010   380.540009   366.880005   369.839996   369.839996    14718855
42401   369.839996   379.779999   365.269989   372.179993   372.179993    27728088
42402   372.179993   376.630005   371.399994   373.920013   373.920013    19123252
42403   373.920013   375.890015   366.200012   368.019989   368.019989    22266682
42404   368.019989   391.829987   368.049988   390.649994   390.649994    38961905
42405   390.649994   391.149994   384.480011   386.459991   386.459991    23688228
42406   386.459991   386.350006   372.869995   376.679993   376.679993    29801286
42407   376.679993   382.609985   375.279999   377.940002   377.940002    15395728
42408   377.940002   380.920013   372.100006   372.630005   372.630005    23424062
42409   372.630005   377.589996   371.420013   375.320007   375.320007    20801701
42410   375.320007   385.380005   374.089996   381.880005   381.880005    37137791
42411   381.880005   383.230011   372.750000   379.450012   379.450012    23858467
42412   379.450012   386.399994   379.320007   384.040009   384.040009    20685663
42413   384.040009   392.570007   383.309998   390.100006   390.100006    18757146
42414   390.100006   405.929993   390.059998   405.500000   405.500000    29442484
42415   405.500000   410.850006   396.559998   401.070007   401.070007    34862753
42416   401.070007   409.750000   398.000000   406.420013   406.420013    27726590
42417   406.420013   421.450012   405.049988   417.140015   417.140015    37559686
42418   417.140015   425.510010   414.779999   421.399994   421.399994    32541108
42419   421.399994   424.260010   416.359985   419.980011   419.980011    21991480
42420   419.980011   442.660004   419.489990   440.059998   440.059998    48500793
42421   440.059998   447.609985   425.470001   437.869995   437.869995    44120520
42422   437.869995   440.179993   431.299988   437.790009   437.790009    24563748
42423   437.790009   440.760010   414.359985   419.899994   419.899994    39915706
42424   419.899994   425.170013   410.359985   422.720001   422.720001    28041199
42425   422.720001   427.179993   417.510010   423.480011   423.480011    22692099
42426   423.480011   427.579987   419.109985   427.320007   427.320007    22642013
42427   427.320007   434.140015   427.299988   431.299988   431.299988    18543436
42428   431.299988   435.619995   421.220001   432.470001   432.470001    21876091
42429   432.470001   441.320007   429.829987   436.209991   436.209991    30077319
42430   436.209991   439.019989   428.489990   434.040009   434.040009    29312670
42431   434.040009   435.910004   423.850006   425.359985   425.359985    24894311
42432   425.359985   425.829987   414.940002   419.559998   419.559998    33188751
42433   419.559998   423.390015   407.200012   409.480011   409.480011    31416610
42434   409.480011   410.059998   386.929993   399.000000   399.000000    51725937
42435   399.000000   412.019989   393.089996   405.959991   405.959991    25324456
42436   405.959991   416.579987   401.980011   414.869995   414.869995    25349627
42437   414.869995   416.720001   408.420013   411.899994   411.899994    22204517
42438   411.899994   414.880005   408.940002   412.760010   412.760010    21035428
42439   412.760010   417.480011   410.269989   415.829987   415.829987    23114636
42440   415.829987   422.399994   415.109985   419.109985   419.109985    25469781
42441   419.109985   420.670013   407.029999   410.359985   410.359985    24660321
42442   410.359985   415.929993   409.570007   412.410004   412.410004    14457108
42443   412.410004   416.079987   411.190002   414.309998   414.309998    20471909
42444   414.309998   417.369995   412.309998   415.130005   415.130005    20227610
42445   415.130005   416.950012   413.320007   415.910004   415.910004    18509954
42446   415.910004   419.559998   415.329987   418.160004   418.160004    18409340
42447   418.160004   418.579987   402.480011   408.160004   408.160004    27178165
42448   408.160004   410.489990   402.130005   408.690002   408.690002    15084656
42449   408.690002   413.450012   407.239990   411.529999   411.529999    12577521
42450   411.529999   413.089996   407.250000   411.109985   411.109985    17735457
42451   411.109985   417.940002   410.779999   416.209991   416.209991   20425092
42452   416.209991   419.579987   414.179993   416.980011   416.980011   16946522
42453   416.980011   417.679993   412.880005   414.739990   414.739990   16210672
42454   414.739990   417.299988   412.410004   415.709991   415.709991   14431200
42455   415.709991   417.709991   413.929993   416.510010   416.510010   11696306
42456   416.510010   427.359985   415.500000   424.570007   424.570007   26137150
42456   424.570007   425.359985   419.700012   422.209991   422.209991   18410749
42457   422.209991   424.529999   406.359985   415.000000   415.000000   28765857
42458   415.000000   416.220001   408.399994   412.440002   412.440002   17890792
42459   412.440002   417.160004   411.450012   415.660004   415.660004   17407273
42460   415.660004   416.859985   412.790009   415.640015   415.640015   15852511
42461   415.640015   420.089996   415.089996   418.510010   418.510010   13137339
42462   418.510010   420.179993   416.950012   419.059998   419.059998    9591214
42463   419.059998   420.390015   416.209991   419.329987   419.329987   14031939
42464   419.329987   423.670013   417.950012   422.070007   422.070007   17260368
42465   422.070007   422.809998   419.540009   421.260010   421.260010   13836754
42466   421.260010   422.029999   417.940002   420.140015   420.140015   15200495
42467   420.140015   423.510010   415.500000   417.690002   417.690002   19810838
42468   417.690002   418.850006   412.390015   418.049988   418.049988   12291880
42469   418.049988   421.630005   416.690002   420.250000   420.250000    9806327
42470   420.250000   422.350006   418.109985   421.429993   421.429993   15374195
42471   421.429993   426.690002   420.700012   424.739990   424.739990   24580503
42472   424.739990   426.579987   421.410004   423.470001   423.470001   16183793
42473   423.470001   425.440002   421.839996   424.019989   424.019989   13038970
42474   424.019989   429.489990   423.250000   428.670013   428.670013   23214560
42475   428.670013   432.000000   426.839996   430.049988   430.049988   12517265
42476   430.049988   430.619995   423.790009   426.260010   426.260010   10980868
42477   426.260010   429.070007   424.350006   427.690002   427.690002   13951524
42478   427.690002   436.070007   426.839996   434.920013   434.920013   19713466
42479   434.920013   442.859985   432.510010   441.160004   441.160004   32655415
42480   441.160004   450.799988   439.529999   449.339996   449.339996   28168774
42481   449.339996   450.190002   441.899994   445.279999   445.279999   22225157
42482   445.279999   451.480011   443.070007   450.079987   450.079987   18998211
42483   450.079987   461.779999   447.890015   457.559998   457.559998   33984269
42484   457.559998   466.230011   451.790009   461.730011   461.730011   37614684
42485   461.730011   468.859985   459.230011   466.000000   466.000000   31451239
42486   466.000000   467.869995   444.619995   447.010010   447.010010   41539684
42487   447.010010   450.100006   433.899994   448.480011   448.480011   36369788
42488   448.480011   456.309998   445.220001   454.980011   454.980011   20264761
42489   454.980011   456.859985   446.649994   448.529999   448.529999   15994805
42490   448.529999   454.209991   447.519989   452.239990   452.239990    9838490
42491   452.239990   453.869995   440.209991   444.179993   444.179993   32863011
42492   444.179993   451.540009   441.549988   450.269989   450.269989   22292253
42493   450.269989   450.869995   444.220001   445.799988   445.799988   17676609
42494   445.799988   449.190002   444.350006   448.079987   448.079987   18765369
42495   448.079987   461.480011   445.720001   459.559998   459.559998   31122708
42496   459.559998   460.609985   454.600006   458.459991   458.459991   14247601
42497   458.459991   460.179993   454.940002   457.869995   457.869995   12689581
42498   457.869995   464.179993   455.380005   460.440002   460.440002   22322043
42499   460.440002   462.140015   446.809998   449.359985   449.359985   27247925
42500   449.359985   456.149994   449.589996   452.500000   452.500000   18137209
42501   452.500000   455.339996   448.399994   454.429993   454.429993   22252919
42502   454.429993   457.220001   451.489990   455.410004   455.410004   14768796
42503   455.410004   457.739990   453.579987   456.440002   456.440002    9319128
42504   456.440002   460.279999   455.000000   458.109985   458.109985    9745309
42505   458.109985   459.570007   450.730011   454.869995   454.869995   16731954
42506   454.869995   456.299988   451.709991   453.250000   453.250000   15741822
42507   453.250000   456.649994   452.350006   454.220001   454.220001   14884550
42508   454.220001   455.190002   441.119995   442.660004   442.660004   26626097
42509   442.660004   447.760010   435.420013   442.109985   442.109985   21415312
42510   442.109985   445.239990   439.730011   443.640015   443.640015   10213550
42511   443.640015   444.239990   436.940002   439.619995   439.619995   12691382
42512   439.619995   444.989990   438.239990   443.690002   443.690002   15885933
42513   443.690002   447.899994   442.019989   446.109985   446.109985   14837671
42514   446.109985   451.209991   445.350006   449.779999   449.779999   16954105
42515   449.779999   454.250000   447.670013   453.299988   453.299988   17093327
42516   453.299988   479.220001   452.709991   474.049988   474.049988   63894987
42517   474.049988   531.760010   467.049988   524.219971   524.219971   75400711
42518   524.219971   548.039978   493.220001   516.049988   516.049988   80753301
42519   516.049988   544.179993   512.809998   532.260010   532.260010   41433165
42520   532.260010   546.919983   513.150024   528.919983   528.919983   60896411
42521   528.919983   542.260010   521.299988   537.400024   537.400024   38742660
42522   537.400024   541.549988   530.469971   537.099976   537.099976   28380698
42523   537.099976   573.719971   534.340027   567.030029   567.030029   59464310
42524   567.030029   592.679993   560.869995   571.950012   571.950012   50353517
42525   571.950012   583.640015   567.770020   574.909973   574.909973   37233994
42526   574.909973   586.729980   571.669983   583.580017   583.580017   37131086
42527   583.580017   591.320007   543.630005   575.580017   575.580017   49082472
42528   575.580017   582.440002   567.780029   580.510010   580.510010   28706216
42529   580.510010   580.710022   569.260010   574.690002   574.690002   28010575
42530   574.690002   579.260010   571.140015   577.890015   577.890015   26290866
42531   577.890015   592.609985   576.289978   591.599976   591.599976   24790441
42532   591.599976   683.849976   592.789978   666.549988   666.549988   139684630
42533   666.549988   718.239990   652.780029   700.070007   700.070007   149442548
42534   700.070007   702.520020   654.690002   685.140015   685.140015    92458349
42535   685.140015   695.070007   670.450012   690.770020   690.770020    53863568
42536   690.770020   769.729980   687.429993   761.210022   761.210022   169704647
42537   761.210022   771.890015   704.210022   743.900024   743.900024   160302360
42538   743.900024   776.039978   727.130005   753.770020   753.770020    91056993
42539   753.770020   765.099976   740.380005   761.039978   761.039978    45805980
42540   761.039978   764.599976   717.409973   733.969971   733.969971    83637617
42541   733.969971   732.229980   626.049988   667.380005   667.380005   166828425
42542   667.380005   677.799988   586.599976   590.559998   590.559998   129550795
42543   590.559998   629.549988   539.280029   620.840027   620.840027   154289129
42544   620.840027   687.390015   616.409973   656.890015   656.890015   128990817
42545   656.890015   688.099976   640.789978   663.520020   663.520020    67442141
42546   663.520020   665.190002   609.900024   625.409973   625.409973    56403088
42547   625.409973   650.340027   615.219971   644.659973   644.659973    63747137
42548   644.659973   659.270020   634.260010   644.890015   644.890015    49673830
42549   644.890015   645.909973   621.760010   636.539978   636.539978    50898093
42550   636.539978   673.039978   631.239990   670.020020   670.020020    58215062
42551   670.020020   685.109985   661.090027   674.570007   674.570007    62394480
42552   674.570007   700.460022   671.460022   698.059998   698.059998    46555796
42553   698.059998   701.489990   644.609985   661.640015   661.640015    66591456
42554   661.640015   679.030029   644.039978   675.159973   675.159973    42756935
42555   675.159973   679.190002   657.309998   663.669983   663.669983    36687264
42556   663.669983   678.390015   662.239990   672.700012   672.700012    31708100
42557   672.700012   676.190002   604.950012   635.250000   635.250000    97639342
42558   635.250000   663.429993   630.169983   662.780029   662.780029    49243011
42559   662.780029   663.489990   620.679993   651.830017   651.830017    62061207
42560   651.830017   651.979980   636.799988   647.109985   647.109985    18955766
42561   647.109985   657.469971   639.969971   646.710022   646.710022    29925667
42562   646.710022   673.190002   644.559998   670.559998   670.559998    44047499
42563   670.559998   672.020020   656.039978   661.150024   661.150024    41791464
42564   661.150024   661.880005   646.309998   657.250000   657.250000    31748496
42565   657.250000   667.460022   656.500000   664.200012   664.200012    23817856
42566   664.200012   665.409973   655.719971   660.690002   660.690002    13557557
42567   660.690002   680.940002   660.130005   676.330017   676.330017    31614610
42568   676.330017   680.419983   664.609985   670.380005   670.380005    28810844
42569   670.380005   673.239990   663.630005   671.099976   671.099976    20401885
42570   671.099976   672.289978   659.510010   664.400024   664.400024    25075066
42571   664.400024   666.510010   657.820007   664.619995   664.619995    21351309
42572   664.619995   669.440002   645.690002   651.109985   651.109985    43283429
42573   651.109985   658.169983   647.979980   655.159973   655.159973    19544654
42574   655.159973   664.210022   651.030029   659.289978   659.289978    19642346
42575   659.289978   662.510010   651.080017   654.000000   654.000000    22564554
42576   654.000000   657.760010   643.489990   654.380005   654.380005    32177578
42577   654.380005   659.080017   646.039978   654.539978   654.539978    19568531
42578   654.539978   657.960022   650.809998   654.130005   654.130005    18452583
42579   654.130005   657.400024   650.989990   655.429993   655.429993    17757920
42580   655.429993   657.549988   652.059998   654.739990   654.739990    12721755
42581   654.739990   654.919983   621.419983   621.869995   621.869995    39918066
42582   621.869995   627.890015   603.549988   607.000000   607.000000    41229298
42583   607.000000   613.750000   471.359985   513.429993   513.429993    75338595
42584   513.429993   573.059998   514.090027   566.440002   566.440002    47170751
42585   566.440002   584.890015   559.500000   576.219971   576.219971    25725471
42586   576.219971   579.969971   565.809998   574.659973   574.659973    15992890
42587   574.659973   596.679993   565.330017   586.450012   586.450012    14676841
42588   586.450012   596.010010   580.869995   590.849976   590.849976    15491523
42589   590.849976   594.239990   585.409973   589.239990   589.239990    14726811
42590   589.239990   591.200012   581.099976   585.250000   585.250000    15304277
42591   585.250000   600.520020   580.869995   590.940002   590.940002    29376783
42592   590.940002   599.150024   585.390015   587.840027   587.840027    23640952
42593   587.840027   591.140015   582.200012   587.140015   587.140015    15009452
42594   587.140015   590.070007   582.809998   584.590027   584.590027    11357750
42595   584.590027   585.799988   559.929993   569.059998   569.059998    18970094
42596   569.059998   574.969971   559.280029   566.950012   566.950012    19218972
42597   566.950012   583.380005   563.380005   580.190002   580.190002    21634083
42598   580.190002   581.099976   568.659973   572.340027   572.340027    18886741
42599   572.340027   579.530029   570.830017   573.390015   573.390015    17509679
42600   573.390015   577.859985   566.250000   574.559998   574.559998    14701426
42601   574.559998   583.500000   572.280029   582.609985   582.609985    13416843
42602   582.609985   585.320007   577.840027   580.659973   580.659973     8294321
42603   580.659973   591.900024   577.130005   587.469971   587.469971    19658058
42604   587.469971   589.869995   578.609985   583.559998   583.559998    18772369
42605   583.559998   584.469971   576.820007   579.659973   579.659973    16337141
42606   579.659973   580.710022   570.809998   577.960022   577.960022    18885349
42607   577.960022   582.729980   575.830017   579.369995   579.369995    12329289
42608   579.369995   580.409973   567.250000   570.349976   570.349976    10747219
42609   570.349976   576.320007   569.210022   574.979980   574.979980     7377921
42610   574.979980   578.609985   571.380005   574.229980   574.229980    13760854
42611   574.229980   579.940002   572.510010   577.320007   577.320007    15895354
42612   577.320007   578.250000   571.690002   573.880005   573.880005    14338795
42613   573.880005   704.969971   569.369995   571.989990   571.989990    14860164
42614   571.989990   577.599976   569.299988   575.289978   575.289978   15315755
42615   575.289978   604.969971   572.640015   598.840027   598.840027   21055514
42616   598.840027   615.200012   590.780029   609.549988   609.549988   18646011
42617   609.549988   610.609985   598.770020   605.760010   605.760010   15369832
42618   605.760010   611.950012   603.549988   610.440002   610.440002   14864563
42619   610.440002   616.479980   606.239990   613.210022   613.210022   18429525
42620   613.210022   629.299988   611.250000   625.570007   625.570007   22710390
42621   625.570007   627.580017   617.320007   623.159973   623.159973   17710151
42622   623.159973   627.450012   621.070007   624.520020   624.520020    9600113
42623   624.520020   630.770020   592.789978   605.609985   605.609985   22467346
42624   605.609985   610.619995   603.030029   607.979980   607.979980   17058938
42625   607.979980   612.030029   604.869995   608.609985   608.609985   16850869
42626   608.609985   612.159973   606.390015   609.539978   609.539978   14878860
42627   609.539978   610.729980   605.099976   608.109985   608.109985   13892193
42628   608.109985   610.359985   605.150024   607.780029   607.780029   13353736
42629   607.780029   609.609985   604.520020   607.080017   607.080017    9724490
42630   607.080017   612.380005   605.219971   610.700012   610.700012   10004923
42631   610.700012   612.409973   606.989990   609.849976   609.849976   12981851
42632   609.849976   611.270020   605.929993   609.239990   609.239990   13809380
42633   609.239990   608.820007   591.690002   597.159973   597.159973   22059386
42634   597.159973   599.780029   592.830017   595.630005   595.630005   13463966
42635   595.630005   603.700012   594.109985   602.919983   602.919983   15567036
42636   602.919983   605.919983   600.500000   602.590027   602.590027    8196210
42637   602.590027   604.869995   598.349976   601.489990   601.489990    8038079
42638   601.489990   608.460022   598.169983   606.539978   606.539978   16700407
42639   606.539978   608.969971   601.729980   605.469971   605.469971   15534315
42640   605.469971   606.900024   602.619995   604.669983   604.669983   11485005
42641   604.669983   607.229980   602.010010   604.700012   604.700012   15403975
42642   604.700012   608.780029   602.250000   608.140015   608.140015   14534745
42643   608.140015   615.000000   607.070007   613.409973   613.409973   10415543
42644   613.409973   614.210022   607.669983   610.690002   610.690002   10096653
42645   610.690002   613.200012   608.469971   611.599976   611.599976   13462741
42646   611.599976   612.679993   606.500000   608.960022   608.960022   15300692
42647   608.960022   613.650024   607.979980   611.820007   611.820007   14360536
42648   611.820007   612.679993   608.539978   610.969971   610.969971   13276337
42649   610.969971   619.429993   609.119995   616.030029   616.030029   20167399
42650   616.030029   619.559998   614.880005   617.650024   617.650024    8467434
42651   617.650024   618.349976   613.010010   615.770020   615.770020    8320759
42652   615.770020   618.809998   612.760010   617.289978   617.289978   15597892
42653   617.289978   642.349976   615.599976   640.450012   640.450012   35367127
42654   640.450012   642.510010   632.190002   635.989990   635.989990   17240000
42655   635.989990   639.520020   632.250000   635.599976   635.599976   16387361
42656   635.599976   640.460022   630.659973   637.919983   637.919983   20114873
42657   637.919983   641.400024   635.059998   637.030029   637.030029    7970927
42658   637.030029   642.179993   636.390015   640.119995   640.119995    8306925
42659   640.119995   641.289978   634.890015   637.369995   637.369995   17742610
42660   637.369995   639.340027   632.229980   635.340027   635.340027   15725013
42661   635.340027   637.270020   624.090027   629.059998   629.059998   22379197
42662   629.059998   630.830017   625.479980   628.340027   628.340027   13252110
42663   628.340027   633.260010   627.580017   630.450012   630.450012   17836383
42664   630.450012   659.890015   629.719971   655.479980   655.479980   24154228
42665   655.479980   661.200012   648.780029   653.030029   653.030029   14418212
42666   653.030029   654.320007   645.679993   650.489990   650.489990   21726106
42667   650.489990   662.539978   647.650024   651.000000   651.000000   24179462
42668   651.000000   678.390015   651.390015   674.669983   674.669983   31949607
42669   674.669983   687.880005   672.260010   682.299988   682.299988   31862181
42670   682.299988   688.429993   678.630005   686.239990   686.239990   26829414
42671   686.239990   720.190002   685.219971   714.950012   714.950012   38351348
42672   714.950012   714.909973   689.510010   697.270020   697.270020   27793236
42674   697.270020   707.210022   682.169983   698.669983   698.669983   26687188
42675   698.669983   734.359985   695.200012   726.760010   726.760010   49453950
42676   726.760010   735.780029   718.140015   733.510010   733.510010   28452232
42677   733.510010   744.429993   670.400024   684.869995   684.869995   69067917
42678   684.869995   706.640015   681.270020   702.080017   702.080017   33762721
42679   702.080017   706.380005   694.030029   702.109985   702.109985   15554565
42680   702.109985   714.130005   697.630005   709.909973   709.909973   18363567
42681   709.909973   711.659973   698.349976   705.400024   705.400024   21797370
42682   705.400024   714.630005   700.960022   710.900024   710.900024   28262235
42683   710.900024   741.229980   707.130005   721.419983   721.419983   51548567
42684   721.419983   723.020020   707.309998   714.570007   714.570007   23931322
42685   714.570007   719.789978   711.669983   714.969971   714.969971   18386841
42686   714.969971   717.369995   701.080017   704.270020   704.270020   19677656
42687   704.270020   705.609985   685.010010   701.969971   701.969971   25249834
42688   701.969971   708.030029   696.109985   704.559998   704.559998   26613445
42689   704.559998   716.929993   697.909973   711.099976   711.099976   29562740
42690   711.099976   745.979980   708.140015   740.280029   740.280029   58304902
42691   740.280029   751.909973   730.080017   737.530029   737.530029   46942756
42692   737.530029   751.429993   730.950012   746.960022   746.960022   29666065
42693   746.960022   755.340027   737.440002   747.890015   747.890015   19276573
42694   747.890015   752.260010   712.770020   728.510010   728.510010   34876785
42695   728.510010   744.330017   726.549988   736.190002   736.190002   24010681
42696   736.190002   754.010010   730.619995   749.340027   749.340027   33225195
42697    749.340027    750.929993    731.340027    741.070007    741.070007    28258203
42698    741.070007    744.239990    726.190002    735.309998    735.309998    27531777
42699    735.309998    741.250000    728.969971    740.390015    740.390015    21299510
42700    740.390015    740.960022    725.619995    734.140015    734.140015    16682481
42701    734.140015    738.289978    727.109985    729.419983    729.419983    15735824
42702    729.419983    738.099976    727.739990    733.299988    733.299988    25153838
42703    733.299988    737.039978    727.780029    732.559998    732.559998    24030304
42704    732.559998    745.390015    730.570007    742.489990    742.489990    29210351
42705    742.489990    755.479980    741.080017    752.630005    752.630005    40690942
42706    752.630005    779.020020    752.250000    770.940002    770.940002    48893613
42707    770.940002    772.320007    755.809998    764.239990    764.239990    30234128
42708    764.239990    769.229980    758.799988    766.390015    766.390015    14755120
42709    766.390015    769.179993    746.010010    754.340027    754.340027    39082688
42710    754.340027    762.479980    750.909973    758.210022    758.210022    25497771
42711    758.210022    769.020020    754.270020    765.559998    765.559998    26755412
42712    765.559998    773.409973    761.169983    768.489990    768.489990    22208497
42713    768.489990    773.479980    765.030029    770.479980    770.479980    18722048
42714    770.479980    776.960022    769.190002    774.000000    774.000000    14049110
42715    774.000000    774.159973    763.000000    767.909973    767.909973    13269086
42716    767.909973    781.260010    767.859985    778.469971    778.469971    22442991
42717    778.469971    790.330017    767.770020    778.739990    778.739990    25894856
42718    778.739990    780.770020    771.010010    776.500000    776.500000    19326375
42719    776.500000    780.270020    773.119995    775.210022    775.210022    20452116
42720    775.210022    783.940002    773.309998    782.049988    782.049988    21650384
42721    782.049988    791.570007    779.359985    787.169983    787.169983    18648778
42722    787.169983    791.260010    783.799988    789.010010    789.010010    11525747
42723    789.010010    793.729980    786.309998    789.789978    789.789978    20238681
42724    789.789978    800.020020    787.119995    799.099976    799.099976    27406319
42725    799.099976    833.130005    795.979980    829.210022    829.210022    53411082
42726    829.210022    874.679993    828.869995    860.150024    860.150024    60511618
42727    860.150024    920.260010    858.039978    917.169983    917.169983    91802931
42728    917.169983    920.489990    880.789978    891.070007    891.070007    41576781
42729    891.070007    895.239990    851.419983    891.070007    891.070007    37173377
42730    891.070007    909.320007    885.880005    898.380005    898.380005    35002753
42731    898.380005    937.909973    893.380005    925.780029    925.780029    45966615
42732    925.780029    974.510010    925.489990    972.169983    972.169983    73811803
42733    972.169983    982.570007    949.229980    971.080017    971.080017    59226667
42734    971.080017    971.590027    927.400024    959.039978    959.039978    67449149
42735    959.039978    965.469971    942.400024    963.380005    963.380005    26379401
42736    963.380005   1001.609985    956.099976    995.440002    995.440002    40570922
42737    995.440002   1031.680054    990.200012   1017.049988   1017.049988    66038073
42738   1017.049988   1035.469971   1006.530029   1033.300049   1033.300049    56085870
42739   1033.300049   1148.540039   1022.320007   1135.410034   1135.410034   170584623
42740   1135.410034   1150.630005    874.530029    989.349976    989.349976   244839289
42741    989.349976   1027.420044    852.549988    886.159973    886.159973   179160668
42742    886.159973    900.859985    806.659973    888.869995    888.869995   113037531
42743    888.869995    936.130005    875.849976    900.859985    900.859985    70298340
42744    900.859985    910.469971    870.909973    899.780029    899.780029    55963281
42745    899.780029    911.320007    890.119995    904.369995    904.369995    48644106
42746    904.369995    917.650024    751.630005    785.429993    785.429993   160194109
42747    785.429993    828.210022    739.549988    810.109985    810.109985    93986701
42748    810.109985    835.049988    771.000000    824.830017    824.830017    72555875
42749    824.830017    838.900024    808.270020    819.630005    819.630005    36594482
42750    819.630005    826.429993    808.630005    821.169983    821.169983    20004735
42751    821.169983    836.659973    817.700012    827.340027    827.340027    27592899
42752    827.340027    906.380005    825.039978    899.659973    899.659973    72272727
42753    899.659973    913.669983    845.869995    872.030029    872.030029    61042392
42754    872.030029    905.280029    870.710022    895.210022    895.210022    52300814
42755    895.210022    901.489990    878.900024    892.909973    892.909973    34847130
42756    892.909973    928.929993    889.460022    919.840027    919.840027    37129176
42757    919.840027    938.380005    888.619995    918.840027    918.840027    44074299
42758    918.840027    927.979980    910.849976    921.460022    921.460022    30261054
42759    921.460022    925.609985    889.150024    893.750000    893.750000    53468911
42760    893.750000    905.700012    883.630005    894.409973    894.409973    34014866
42761    894.409973    919.320007    893.489990    915.559998    915.559998    30795685
42762    915.559998    922.559998    907.919983    918.010010    918.010010    28503144
42763    918.010010    921.890015    912.840027    918.510010    918.510010    13251844
42764    918.510010    922.400024    912.679993    914.549988    914.549988    10214368
42765    914.549988    922.349976    911.510010    920.729980    920.729980    17604172
42766    920.729980    967.450012    917.380005    965.489990    965.489990    51869216
42767    965.489990    986.570007    959.820007    982.429993    982.429993    44035816
42768    982.429993   1009.130005    973.500000   1003.969971   1003.969971    50633910
42769   1003.969971   1023.719971    989.210022   1013.020020   1013.020020    62431017
42770   1013.020020   1041.040039   1000.409973   1031.849976   1031.849976    40406542
42771   1031.849976   1033.660034   1004.049988   1016.109985   1016.109985    31669956
42772   1016.109985   1030.599976   1010.830017   1024.670044   1024.670044    32828350
42773   1024.670044   1054.099976   1019.869995   1049.560059   1049.560059    41318349
42774   1049.560059   1069.229980   1020.330017   1055.489990   1055.489990    68336320
42775   1055.489990   1073.030029    924.650024    978.960022    978.960022   145839317
42776    978.960022   1005.599976    947.020020    997.609985    997.609985    60639111
42777    997.609985   1014.320007    983.929993   1008.320007   1008.320007    28504495
42778   1008.320007   1007.820007    992.450012    996.520020    996.520020    14825023
42779    996.520020   1007.609985    975.099976    995.359985    995.359985   32785064
42780    995.359985   1013.799988    986.460022   1008.340027   1008.340027   39810076
42781   1008.340027   1010.929993    999.729980   1008.190002   1008.190002   23569549
42782   1008.190002   1040.280029   1007.390015   1031.930054   1031.930054    39114743
42783   1031.930054   1057.390015   1025.869995   1049.410034   1049.410034    47815360
42784   1049.410034   1063.209961   1044.680054   1052.280029   1052.280029    26856521
42785   1052.280029   1056.479980   1037.670044   1048.890015   1048.890015    18876881
42786   1048.890015   1081.780029   1040.989990   1077.560059   1077.560059    32959720
42787   1077.560059   1123.030029   1073.540039   1119.030029   1119.030029    62908569
42788   1119.030029   1132.250000   1094.829956   1120.459961   1120.459961    53647453
42789   1120.459961   1181.599976   1113.540039   1171.910034   1171.910034    75663167
42790   1171.910034   1211.739990   1092.410034   1176.489990   1176.489990   126978010
42791   1176.489990   1180.010010   1116.209961   1149.050049   1149.050049    53003830
42792   1149.050049   1177.469971   1130.609985   1171.579956   1171.579956    35750258
42793   1171.579956   1195.819946   1164.270020   1188.829956   1188.829956    42035366
42794   1188.829956   1208.219971   1175.750000   1189.270020   1189.270020    60371869
42795   1189.270020   1225.040039   1154.550049   1222.660034   1222.660034    61964760
42796   1222.660034   1286.979980   1211.959961   1255.469971   1255.469971    98040639
42797   1255.469971   1291.349976   1250.800049   1283.300049   1283.300049    85876262
42798   1283.300049   1285.780029   1228.729980   1264.319946   1264.319946    48597934
42799   1264.319946   1273.280029   1242.099976   1271.219971   1271.219971    32104972
42800   1271.219971   1280.609985   1261.000000   1277.010010   1277.010010    39591110
42801   1277.010010   1280.890015   1148.660034   1232.689941   1232.689941   108673876
42802   1232.689941   1242.040039   1136.880005   1146.969971   1146.969971   116342973
42803   1146.969971   1206.969971   1129.349976   1191.329956   1191.329956    70427061
42804   1191.329956   1330.420044    988.690002   1112.390015   1112.390015   223836041
42805   1112.390015   1202.689941   1104.780029   1179.219971   1179.219971    82387198
42806   1179.219971   1235.459961   1160.900024   1225.109985   1225.109985    53441762
42807   1225.109985   1245.630005   1205.609985   1238.189941   1238.189941    74376298
42808   1238.189941   1255.520020   1218.380005   1243.140015   1243.140015    56058617
42809   1243.140015   1256.949951   1236.430054   1253.430054   1253.430054    54486699
42810   1253.430054   1260.239990   1118.959961   1172.880005   1172.880005   159409024
42811   1172.880005   1174.900024   1063.479980   1071.709961   1071.709961   183879768
42812   1071.709961   1103.609985    940.179993    971.380005    971.380005   212772055
42813    971.380005   1063.670044    967.309998   1022.599976   1022.599976   108128237
42814   1022.599976   1057.500000   1005.049988   1047.510010   1047.510010    63833143
42815   1047.510010   1125.530029   1043.869995   1121.290039   1121.290039   101051998
42816   1121.290039   1121.880005    997.780029   1044.719971   1044.719971   120730492
42817   1044.719971   1062.790039   1022.020020   1035.030029   1035.030029    58898141
42818   1035.030029   1038.380005    927.349976    939.700012    939.700012   130042865
42819    939.700012    995.960022    890.429993    966.299988    966.299988   118395054
42820    966.299988   1004.320007    946.650024    969.440002    969.440002    83255983
42820    969.440002   1048.849976    961.799988   1045.140015   1045.140015    92332221
42821   1045.140015   1068.410034   1015.450012   1044.420044   1044.420044    83567551
42822   1044.420044   1058.660034   1008.340027   1041.900024   1041.900024    71261535
42823   1041.900024   1052.660034   1020.929993   1037.910034   1037.910034    77633883
42824   1037.910034   1088.199951   1035.180054   1079.109985   1079.109985    96543920
42825   1079.109985   1103.739990   1067.469971   1086.119995   1086.119995    55020078
42826   1086.119995   1109.479980   1074.209961   1097.400024   1097.400024    77853933
42827   1097.400024   1157.869995   1095.550049   1147.560059   1147.560059   111870807
42828   1147.560059   1161.189941   1122.150024   1141.770020   1141.770020    81164094
42829   1141.770020   1143.839966   1110.060059   1129.869995   1129.869995    78335573
42830   1129.869995   1201.550049   1130.510010   1188.699951   1188.699951   108182158
42831   1188.699951   1201.229980   1173.180054   1190.489990   1190.489990    71184485
42832   1190.489990   1198.219971   1166.650024   1180.780029   1180.780029    39393003
42833   1180.780029   1215.099976   1173.989990   1204.339966   1204.339966    54498333
42834   1204.339966   1214.869995   1194.810059   1206.709961   1206.709961    48473680
42835   1206.709961   1229.569946   1195.760010   1220.739990   1220.739990    45563707
42836   1220.739990   1225.459961   1207.359985   1212.530029   1212.530029    54699396
42837   1212.530029   1218.660034   1150.290039   1176.199951   1176.199951    78456422
42838   1176.199951   1195.400024   1162.160034   1177.329956   1177.329956    56129576
42839   1177.329956   1194.849976    841.530029   1176.989990   1176.989990    33877537
42840   1176.989990   1187.969971   1166.739990   1176.800049   1176.800049    22538918
42841   1176.800049   1202.969971   1172.810059   1194.010010   1194.010010    56095607
42842   1194.010010   1213.880005   1191.140015   1206.089966   1206.089966    64900219
42843   1206.089966   1218.209961   1194.079956   1215.199951   1215.199951    53034357
42844   1215.199951   1246.640015   1210.670044   1238.089966   1238.089966    69223360
42845   1238.089966   1256.969971   1235.560059   1249.640015   1249.640015    52498296
42846   1249.640015   1256.969971   1215.780029   1240.890015   1240.890015    55776932
42847   1240.890015   1256.229980   1223.060059   1249.140015   1249.140015    54224355
42848   1249.140015   1256.359985   1234.859985   1248.180054   1248.180054    49281629
42849   1248.180054   1272.619995   1244.209961   1264.310059   1264.310059    56659016
42850   1264.310059   1309.199951   1263.000000   1286.630005   1286.630005    77649710
42851   1286.630005   1346.790039   1285.300049   1332.910034   1332.910034    83319636
42852   1332.910034   1356.150024   1287.619995   1329.619995   1329.619995   104536476
42853   1329.619995   1343.689941   1314.150024   1336.280029   1336.280029    55982468
42854   1336.280029   1358.939941   1309.660034   1351.910034   1351.910034    55470285
42855   1351.910034   1448.680054   1342.780029   1415.810059   1415.810059   144414038
42856   1415.810059   1471.140015   1394.829956   1445.930054   1445.930054   103342244
42857   1445.930054   1496.390015   1424.050049   1485.550049   1485.550049   122551707
42858   1485.550049   1609.839966   1437.109985   1516.760010   1516.760010   213084949
42859   1516.760010   1588.109985   1485.010010   1507.770020   1507.770020   188015771
42860   1507.770020   1560.420044   1503.930054   1545.290039   1545.290039    92747185
42861   1545.290039   1572.890015   1495.180054   1554.449951   1554.449951   111708072
42862   1554.449951   1667.670044   1552.859985   1664.469971   1664.469971   174687869
42863   1664.469971   1757.390015   1619.969971   1697.500000   1697.500000   219169486
42864   1697.500000   1766.180054   1664.989990   1752.310059   1752.310059   156203600
42865   1752.310059   1864.760010   1741.540039   1819.290039   1819.290039   198829123
42866   1819.290039   1822.510010   1641.180054   1686.390015   1686.390015   192159873
42867   1686.390015   1770.500000   1594.589966   1763.739990   1763.739990   128390095
42868   1763.739990   1802.750000   1736.130005   1772.550049   1772.550049    72874378
42869   1772.550049   1776.650024   1656.810059   1708.920044   1708.920044   138499150
42870   1708.920044   1752.550049   1653.719971   1729.339966   1729.339966   130379207
42871   1729.339966   1842.829956   1703.969971   1801.300049   1801.300049   170954154
42872   1801.300049   1980.489990   1791.119995   1880.989990   1880.989990   135901905
42873   1880.989990   1969.699951   1875.280029   1962.000000   1962.000000   191523926
42874   1962.000000   2048.449951   1944.400024   2040.180054   2040.180054   179346919
42875   2040.180054   2094.939941   1980.069946   2044.189941   2044.189941   161036810
42876   2044.189941   2264.760010   1998.609985   2124.409912   2124.409912   373482496
42877   2124.409912   2286.300049   2110.780029   2272.580078   2272.580078   251969081
42878   2272.580078   2496.979980   2263.290039   2445.280029   2445.280029   353734030
42879   2445.280029   2781.760010   2210.479980   2307.219971   2307.219971   622139030
42880   2306.959961   2616.520020   2051.449951   2244.889893   2244.889893   441342711
42881   2244.889893   2322.370117   1868.560059   2052.429932   2052.429932   446034004
42882   2052.429932   2300.520020   2051.070068   2189.020020   2189.020020   266766116
42883   2189.020020   2337.350098   2117.340088   2278.209961   2278.209961   204101576
42884   2278.209961   2329.260010   2147.100098   2192.550049   2192.550049   270069146
42885   2192.550049   2330.620117   2168.370117   2303.340088   2303.340088   261223035
42886   2303.340088   2460.840088   2303.340088   2412.649902   2412.649902   290070431
42887   2412.649902   2493.969971   2385.590088   2492.600098   2492.600098   199765372
42888   2492.600098   2582.770020   2449.949951   2545.429932   2545.429932   177168595
42889   2545.429932   2559.790039   2478.179932   2524.060059   2524.060059   149060810
42890   2524.060059   2705.379883   2523.919922   2704.959961   2704.959961   225611887
42891   2704.959961   2931.239990   2699.679932   2870.500000   2870.500000   538772473
42892   2870.500000   2880.949951   2626.560059   2691.510010   2691.510010   340329903
42893   2691.510010   2808.409912   2623.610107   2798.780029   2798.780029   260898606
42894   2798.780029   2852.070068   2786.070068   2811.429932   2811.429932   189237110
42895   2811.429932   2914.189941   2807.360107   2900.250000   2900.250000   246869682
42896   2900.250000   2977.860107   2867.250000   2973.449951   2973.449951   241516660
42897   2973.449951   2985.060059   2483.629883   2656.770020   2656.770020   585158909
42898   2656.770020   2784.770020   2647.439941   2712.989990   2712.989990   314476276
42899   2712.989990   2803.719971   2348.989990   2467.270020   2467.270020   448294279
42900   2467.270020   2521.600098   2125.560059   2442.459961   2442.459961   606264366
42901   2442.459961   2536.419922   2335.280029   2508.580078   2508.580078   286630757
42902   2508.580078   2690.709961   2454.810059   2655.100098   2655.100098   246698591
42903   2655.100098   2676.040039   2488.590088   2539.560059   2539.560059   235239296
42904   2539.560059   2617.750000   2518.780029   2616.820068   2616.820068   210372750
42905   2616.820068   2800.479980   2613.979980   2754.379883   2754.379883   300034010
42906   2754.379883   2804.409912   2624.350098   2677.620117   2677.620117   313234721
42907   2677.620117   2757.320068   2623.169922   2722.840088   2722.840088   210318780
42908   2722.840088   2759.659912   2699.479980   2710.370117   2710.370117   155303414
42909   2710.370117   2741.560059   2540.350098   2590.050049   2590.050049   228007287
42910   2590.050049   2660.659912   2472.370117   2541.620117   2541.620117   220679135
42911   2541.620117   2584.750000   2327.260010   2446.050049   2446.050049   401912134
42912   2446.050049   2585.060059   2309.629883   2583.750000   2583.750000   381517099
42913   2583.750000   2616.949951   2490.110107   2577.739990   2577.739990   279792448
42914   2577.739990   2605.860107   2526.510010   2558.370117   2558.370117   191733499
42915   2558.370117   2576.280029   2469.540039   2480.610107   2480.610107   183878856
42916   2480.610107   2529.620117   2387.469971   2424.610107   2424.610107   160661673
42917   2424.610107   2555.340088   2375.860107   2536.459961   2536.459961   165839565
42918   2536.459961   2617.479980   2506.300049   2572.469971   2572.469971   212244951
42919   2572.469971   2658.729980   2569.989990   2617.320068   2617.320068   210433639
42920   2617.320068   2642.739990   2562.040039   2627.860107   2627.860107   232257106
42921   2627.860107   2634.840088   2581.800049   2614.239990   2614.239990   156558009
42922   2614.239990   2617.479980   2484.729980   2513.879883   2513.879883   229168229
42923   2513.879883   2568.729980   2480.620117   2564.860107   2564.860107   136973389
42924   2564.860107   2576.729980   2509.649902   2511.429932   2511.429932    99506518
42925   2511.429932   2530.340088   2271.790039   2344.020020   2344.020020   297270301
42926   2344.020020   2412.750000   2265.479980   2324.290039   2324.290039   341998621
42927   2324.290039   2424.820068   2262.080078   2403.090088   2403.090088   257095280
42928   2403.090088   2436.659912   2334.959961   2362.439941   2362.439941   208630220
42929   2362.439941   2370.530029   2165.360107   2234.169922   2234.169922   257704533
42930   2234.169922   2237.129883   1974.030029   1975.079956   1975.079956   320719096
42931   1975.079956   2044.410034   1808.989990   1914.089966   1914.089966   364287861
42932   1914.089966   2233.830078   1913.790039   2233.389893   2233.389893   368366495
42933   2233.389893   2400.739990   2164.590088   2320.229980   2320.229980   465220151
42934   2320.229980   2412.379883   2243.129883   2282.580078   2282.580078   357639189
42935   2282.580078   2932.810059   2282.110107   2866.020020   2866.020020   807416890
42936   2866.020020   2873.959961   2622.540039   2675.080078   2675.080078   529154789
42937   2675.080078   2876.709961   2658.590088   2836.530029   2836.530029   341992860
42938   2836.530029   2856.669922   2675.649902   2756.610107   2756.610107   299869260
42939   2756.610107   2798.889893   2715.689941   2763.419922   2763.419922   229047365
42940   2763.419922   2779.080078   2472.620117   2582.580078   2582.580078   534765380
42941   2582.580078   2631.729980   2441.540039   2559.209961   2559.209961   340465234
42942   2559.209961   2712.919922   2547.739990   2691.879883   2691.879883   269880857
42943   2691.879883   2843.780029   2683.590088   2806.750000   2806.750000   383479795
42944   2806.750000   2812.129883   2699.419922   2733.500000   2733.500000   230818894
42945   2733.500000   2773.060059   2621.679932   2766.489990   2766.489990   222933516
42946   2766.489990   2916.300049   2723.050049   2883.270020   2883.270020 254836601
42947   2883.270020   2946.020020   2659.620117   2746.989990   2746.989990 341216428
42948   2746.989990   2773.800049   2668.870117   2720.530029   2720.530029 222534344
42949   2720.530029   2822.879883   2717.620117   2809.989990   2809.989990 188517085
42950   2809.989990   2892.669922   2779.510010   2878.489990   2878.489990 195800289
42951   2878.489990   3344.010010   2875.909912   3262.800049   3262.800049 503737620
42952   3262.800049   3295.070068   3166.520020   3232.030029   3232.030029 196484496
42953   3232.030029   3425.129883   3198.510010   3401.909912   3401.909912 294021645
42954   3401.909912   3494.870117   3357.149902   3429.379883   3429.379883 366169429
42955   3429.379883   3437.149902   3251.030029   3348.790039   3348.790039 324058681
42956   3348.790039   3453.840088   3322.919922   3425.669922   3425.669922 242024460
42957   3425.669922   3706.479980   3409.790039   3654.370117   3654.370117 345135492
42958   3654.370117   3967.260010   3611.360107   3871.620117   3871.620117 469532325
42959   3871.620117   4189.419922   3847.310059   4062.600098   4062.600098 638917500
42960   4062.600098   4336.709961   3978.949951   4327.939941   4327.939941 540927757
42961   4327.939941   4436.479980   3837.129883   4161.660156   4161.660156 872840682
42962   4161.660156   4398.060059   3938.620117   4387.399902   4387.399902 472960334
42963   4387.399902   4487.500000   4194.100098   4278.919922   4278.919922 554232802
42964   4278.919922   4362.729980   3978.280029   4105.370117   4105.370117 603898315
42965   4105.370117   4189.680176   3957.459961   4150.450195   4150.450195 462723151
42966   4150.450195   4182.290039   4034.399902   4066.600098   4066.600098 288193446
42967   4066.600098   4097.250000   3966.929932   4005.100098   4005.100098 365174045
42968   4005.100098   4142.680176   3612.209961   4089.699951   4089.699951 659657838
42969   4089.699951   4255.620117   4070.489990   4141.089844   4141.089844 402340258
42970   4141.089844   4364.109863   4111.709961   4318.350098   4318.350098 305373477
42971   4318.350098   4461.709961   4292.629883   4364.410156   4364.410156 362283252
42972   4364.410156   4379.279785   4263.279785   4352.299805   4352.299805 199403922
42973   4352.299805   4408.180176   4321.120117   4345.750000   4345.750000 185180843
42974   4345.750000   4403.129883   4195.229980   4390.310059   4390.310059 325285703
42975   4390.310059   4647.830078   4350.220215   4597.310059   4597.310059 455467850
42976   4597.310059   4644.060059   4491.790039   4583.020020   4583.020020 313466398
42977   4583.020020   4765.069824   4580.129883   4735.109863   4735.109863 338981145
42978   4735.109863   4925.229980   4690.169922   4921.850098   4921.850098 491140364
42979   4921.850098   4976.520020   4448.640137   4573.799805   4573.799805 747713818
42980   4573.799805   4719.779785   4397.740234   4612.919922   4612.919922 470135795
42981   4612.919922   4621.009766   4098.580078   4267.450195   4267.450195 737216060
42982   4267.450195   4496.669922   4004.620117   4409.080078   4409.080078 673846827
42983   4409.080078   4660.040039   4401.529785   4618.709961   4618.709961 504717245
42984   4618.709961   4690.549805   4493.200195   4635.600098   4635.600098 324939872
42985   4635.600098   4699.589844   4130.879883   4326.450195   4326.450195 786819863
42986   4326.450195   4402.149902   4185.330078   4335.129883   4335.129883 332195251
42987   4335.129883   4338.080078   4032.149902   4245.890137   4245.890137 451244396
42988   4245.890137   4364.419922   4134.620117   4217.899902   4217.899902 375254125
42989   4217.899902   4387.759766   4074.969971   4158.919922   4158.919922 453402207
42990   4158.919922   4174.580078   3752.010010   3870.290039   3870.290039 728385231
42991   3870.290039   3930.689941   3218.979980   3243.080078   3243.080078 1118258889
42992   3243.080078   3824.429932   2979.879883   3713.760010   3713.760010 1519153953
42993   3713.760010   3893.669922   3551.830078   3698.919922   3698.919922 627559216
42994   3698.919922   3796.560059   3485.830078   3689.610107   3689.610107 351250484
42995   3689.610107   4122.750000   3689.000000   4100.279785   4100.279785 586938661
42996   4100.279785   4120.709961   3852.219971   3907.959961   3907.959961 488897829
42997   3907.959961   4053.040039   3846.760010   3882.159912   3882.159912 342438072
42998   3882.159912   3912.790039   3576.540039   3617.270020   3617.270020 543570164
42999   3617.270020   3753.510010   3505.810059   3600.830078   3600.830078 414612501
43000   3600.830078   3813.389893   3563.179932   3788.020020   3788.020020 253370774
43001   3788.020020   3790.889893   3633.879883   3667.520020   3667.520020 183852135
43002   3667.520020   3971.500000   3665.669922   3932.830078   3932.830078 386674961
43003   3932.830078   3982.310059   3858.750000   3892.699951   3892.699951 248481868
43004   3892.699951   4232.350098   3882.080078   4212.200195   4212.200195 480358673
43005   4212.200195   4274.640137   4112.879883   4195.649902   4195.649902 386909537
43006   4195.649902   4237.509766   4030.370117   4172.790039   4172.790039 404599756
43007   4172.790039   4383.270020   4164.250000   4360.620117   4360.620117 290796939
43008   4360.620117   4412.620117   4258.319824   4403.089844   4403.089844 262485153
43009   4403.089844   4477.379883   4364.669922   4401.319824   4401.319824 314621927
43010   4401.319824   4435.990234   4230.729980   4314.180176   4314.180176 353046057
43011   4314.180176   4355.290039   4183.569824   4218.660156   4218.660156 272424730
43012   4218.660156   4365.759766   4143.350098   4321.439941   4321.439941 271914958
43013   4321.439941   4422.149902   4296.930176   4371.939941   4371.939941 269878225
43014   4371.939941   4472.919922   4319.479980   4435.810059   4435.810059 176332039
43015   4435.810059   4622.870117   4419.359863   4611.700195   4611.700195 323063950
43016   4611.700195   4875.379883   4556.149902   4777.490234   4777.490234 518586828
43017   4777.490234   4930.000000   4722.810059   4763.359863   4763.359863 475717720
43018   4763.359863   4874.890137   4718.600098   4824.200195   4824.200195 338533507
43019   4824.200195   5432.629883   4814.979980   5432.620117   5432.620117 848641969
43020   5432.620117   5852.779785   5391.970215   5637.259766   5637.259766 1211469140
43021   5637.259766   5839.620117   5568.859863   5824.709961   5824.709961 434406119
43022   5824.709961   5862.689941   5448.220215   5688.140137   5688.140137 571166215
43023   5677.350098   5795.330078   5576.100098   5759.330078   5759.330078 349154669
43024    5759.250000    5773.319824    5521.089844    5598.580078    5598.580078    368658284
43025    5598.580078    5601.299805    5114.870117    5575.830078    5575.830078    654722509
43026    5576.709961    5737.410156    5517.620117    5698.649902    5698.649902    469774559
43027    5698.620117    6075.319824    5611.390137    5993.109863    5993.109863    729487923
43028    5993.109863    6187.200195    5874.540039    6006.649902    6006.649902    684989667
43029    6006.649902    6070.560059    5722.979980    5982.859863    5982.859863    618893096
43030    5982.859863    6048.979980    5644.220215    5903.609863    5903.609863    801148315
43031    5903.609863    5904.629883    5463.410156    5513.080078    5513.080078    811951129
43032    5513.080078    5747.959961    5375.640137    5734.000000    5734.000000    585738379
43033    5734.000000    5970.399902    5689.919922    5887.609863    5887.609863    547664553
43034    5887.620117    5997.830078    5692.319824    5764.560059    5764.560059    488283724
43035    5764.560059    5871.040039    5654.799805    5726.609863    5726.609863    305611140
43036    5726.609863    6295.430176    5679.370117    6147.520020    6147.520020    966990808
43038    6147.700195    6226.180176    6018.970215    6124.279785    6124.279785    481600502
43039    6124.279785    6467.200195    6090.830078    6451.240234    6451.240234    637838767
43040    6449.100098    6738.740234    6355.000000    6737.779785    6737.779785    869798619
43041    6737.779785    7339.910156    6737.770020    7024.810059    7024.810059   1663170039
43042    7024.810059    7445.620117    6938.930176    7152.120117    7152.120117   1120978013
43043    7146.979980    7492.240234    6957.839844    7363.799805    7363.799805    773371754
43044    7363.799805    7599.439941    7284.330078    7389.549805    7389.549805    789287755
43045    7389.549805    7429.700195    6934.729980    6959.229980    6959.229980   1148125488
43046    6959.270020    7222.370117    6957.799805    7102.750000    7102.750000    716798409
43047    7102.229980    7869.100098    7026.970215    7444.359863    7444.359863   1632547465
43048    7444.359863    7457.120117    7040.830078    7129.589844    7129.589844    915963933
43049    7129.589844    7318.970215    6406.049805    6565.799805    6565.799805   1513421266
43050    6565.799805    6821.500000    6197.870117    6339.859863    6339.859863    878096915
43051    6339.870117    6490.529785    5493.640137    5878.129883    5878.129883   1629165385
43052    5878.089844    6760.149902    5828.339844    6522.450195    6522.450195   1135256036
43053    6522.450195    6728.589844    6419.180176    6597.060059    6597.060059    634604991
43054    6597.060059    7330.060059    6596.939941    7283.220215    7283.220215    922959468
43055    7283.020020    7964.640137    7119.169922    7853.680176    7853.680176   1010130763
43056    7853.680176    8000.189941    7534.700195    7699.950195    7699.950195    917599923
43057    7699.950195    7857.520020    7458.899902    7780.910156    7780.910156    571121111
43058    7781.020020    8100.870117    7675.410156    8042.640137    8042.640137    541391321
43059    8042.640137    8294.120117    7947.279785    8244.690430    8244.690430    617354329
43060    8245.870117    8368.360352    7819.060059    8099.970215    8099.970215    938345413
43061    8099.919922    8304.370117    8091.629883    8234.549805    8234.549805    539697375
43062    8234.500000    8266.549805    8012.350098    8013.410156    8013.410156    555465146
43063    8013.379883    8332.940430    7900.169922    8200.799805    8200.799805    595710405
43064    8203.450195    8761.980469    8153.700195    8754.690430    8754.690430    718483679
43065    8754.620117    9474.620117    8746.559570    9318.419922    9318.419922    782499976
43066    9318.419922    9733.610352    9316.839844    9733.200195    9733.200195   1025175619
43067    9732.629883    9969.580078    9638.200195    9906.040039    9906.040039    865328615
43068    9906.040039   11417.839844    8938.700195    9837.860352    9837.860352   2418792360
43069    9848.049805   10689.059570    9023.769531    9946.759766    9946.759766   1836210107
43070    9947.080078   10942.799805    9420.929688   10861.469727   10861.469727   1353669597
43071   10861.469727   11175.230469   10715.549805   10912.730469   10912.730469    950474241
43072   10912.719727   11851.089844   10578.429688   11246.209961   11246.209961   1380012064
43073   11244.200195   11624.629883   10917.809570   11623.910156   11623.910156   1057859226
43074   11624.370117   11901.870117   11486.129883   11667.129883   11667.129883   1048839303
43075   11667.129883   13843.200195   11661.759766   13749.570313   13749.570313   2437037791
43076   13750.089844   16879.259766   13401.610352   16850.310547   16850.310547   4510225316
43077   16867.980469   17294.849609   13906.099609   16047.610352   16047.610352   4546014731
43078   16048.179688   16313.179688   13151.469727   14843.419922   14843.419922   2699876215
43079   14839.980469   15783.200195   13031.000000   15059.599609   15059.599609   2904037859
43080   15060.450195   17399.179688   15024.559570   16732.470703   16732.470703   2634267594
43081   16733.289063   17560.650391   16254.530273   17083.900391   17083.900391   2246138895
43082   17083.900391   17267.960938   15669.860352   16286.820313   16286.820313   2576055941
43083   16286.820313   16941.080078   16023.639648   16467.910156   16467.910156   1773813863
43084   16467.910156   17987.029297   16442.199219   17604.849609   17604.849609   2682351213
43085   17594.080078   19587.699219   17318.539063   19345.490234   19345.490234   2078806368
43086   19346.599609   19870.619141   18750.910156   19065.710938   19065.710938   2264650369
43087   19065.710938   19221.099609   18114.419922   18972.320313   18972.320313   2597510049
43088   18971.189453   19021.970703   16812.800781   17523.699219   17523.699219   3136709262
43089   17521.730469   17813.599609   15642.690430   16461.970703   16461.970703   3791752510
43090   16461.089844   17301.830078   14952.980469   15632.120117   15632.120117   2619295475
43091   15632.120117   15823.719727   10875.709961   13664.969727   13664.969727   6245731508
43092   13664.969727   15493.230469   13356.070313   14396.459961   14396.459961   2491903154
43093   14396.629883   14413.719727   12166.450195   13789.950195   13789.950195   2428437693
43094   13789.950195   14467.429688   13010.709961   13833.490234   13833.490234   1487888106
43095   13830.190430   16094.669922   13748.490234   15756.559570   15756.559570   2198577125
43096   15757.019531   16514.589844   14534.660156   15416.639648   15416.639648   2162831128
43097   15416.339844   15505.509766   13466.070313   14398.700195   14398.700195   2425912717
43098   14398.450195   15109.809570   13951.080078   14392.570313   14392.570313   1733583750
43099   14392.139648   14461.459961   11962.089844   12531.519531   12531.519531   2387311023
43100   12532.379883   14241.820313   12359.429688   13850.400391   13850.400391   1492142483
43101   13850.490234   13921.530273   12877.669922   13444.879883   13444.879883   1057521524
43102   13444.879883   15306.129883   12934.160156   14754.129883   14754.129883   1956783037
43103   14754.089844   15435.009766   14579.709961   15156.620117   15156.620117   1604206990
43104   15156.490234   15408.660156   14244.669922   15180.080078   15180.080078   1656714736
43105   15180.080078   17126.949219   14832.360352   16954.779297   16954.779297   2283988962
43106   16954.759766   17252.849609   16286.570313   17172.300781   17172.300781   1412703790
43107   17174.500000   17184.810547   15791.129883   16228.160156   16228.160156   1309532650
43108   16228.259766   16302.919922   13902.309570   14976.169922   14976.169922   2166366561
43109   14976.169922   15390.280273   14221.549805   14468.500000   14468.500000   1486802326
43110   14468.089844   14919.490234   13450.540039   14919.490234   14919.490234   2025083791
43111   14920.360352   14979.959961   12825.950195   13308.059570   13308.059570   2373494121
43112   13308.059570   14129.080078   12851.910156   13841.190430   13841.190430   1402292716
43113   13841.190430   14595.040039   13830.280273   14243.120117   14243.120117   1021352776
43114   14244.120117   14415.669922   13031.910156   13638.629883   13638.629883   1112590573
43115   13638.629883   14355.820313   13416.709961   13631.980469   13631.980469   1170462750
43116   13634.599609   13648.839844   10032.690430   11282.490234   11282.490234   3842651741
43117   11282.490234   11736.299805    9205.379883   11162.700195   11162.700195   3666978316
43118   11162.700195   12018.429688   10642.330078   11175.519531   11175.519531   2357251805
43119   11175.519531   11780.490234   10867.179688   11521.759766   11521.759766   1264875700
43120   11521.820313   13031.040039   11502.110352   12783.940430   12783.940430   1492721765
43121   12783.540039   12787.349609   11101.730469   11549.929688   11549.929688   1552755289
43122   11549.980469   11913.740234   10067.759766   10814.519531   10814.519531   1811992345
43123   10814.519531   11388.519531    9980.500000   10858.230469   10858.230469   1710180828
43124   10853.780273   11531.599609   10506.549805   11429.019531   11429.019531   1286435482
43125   11428.110352   11741.919922   10930.339844   11175.870117   11175.870117   1061064251
43126   11175.870117   11656.540039   10346.860352   11104.200195   11104.200195   1560135332
43127   11104.339844   11638.690430   10879.200195   11459.709961   11459.709961   1031091633
43128   11460.389648   12064.190430   11407.940430   11767.740234   11767.740234   1038153169
43129   11767.740234   11860.290039   11089.519531   11233.950195   11233.950195    920836244
43130   11234.320313   11263.700195    9871.209961   10107.259766   10107.259766   1720894077
43131   10107.400391   10377.959961    9698.129883   10226.860352   10226.860352   1230902973
43132   10226.860352   10280.839844    8726.950195    9114.719727    9114.719727   1964308989
43133    9114.730469    9147.929688    7786.200195    8870.820313    8870.820313   2768759876
43134    8872.870117    9504.370117    8194.679688    9251.269531    9251.269531   1253484523
43135    9251.269531    9400.990234    7889.830078    8218.049805    8218.049805   1413207410
43136    8218.049805    8391.290039    6627.310059    6937.080078    6937.080078   2534149181
43137    6936.430176    7932.379883    5968.359863    7701.250000    7701.250000   3397596513
43138    7701.250000    8572.679688    7208.859863    7592.720215    7592.720215   2159765331
43139    7593.779785    8643.940430    7590.479980    8260.690430    8260.690430   1594673973
43140    8259.259766    8743.200195    7775.359863    8696.830078    8696.830078   1348072086
43141    8696.830078    9081.490234    8176.250000    8569.290039    8569.290039   1348923336
43142    8569.320313    8573.349609    7862.310059    8084.609863    8084.609863   1013771945
43143    8084.609863    8997.339844    8084.410156    8911.269531    8911.269531   1085921871
43144    8911.169922    8955.150391    8379.349609    8544.690430    8544.690430    853320352
43145    8544.690430    9508.219727    8542.980469    9485.639648    9485.639648   1220863360
43146    9485.639648   10223.580078    9363.379883   10033.750000   10033.750000   1666668487
43147   10033.750000   10303.139648    9720.379883   10188.730469   10188.730469   1061827697
43148   10188.730469   11119.450195   10074.070313   11097.209961   11097.209961   1327921168
43149   11097.209961   11288.339844   10161.009766   10417.230469   10417.230469   1659704217
43150   10418.120117   11265.959961   10336.320313   11182.280273   11182.280273   1186535653
43151   11182.280273   11802.230469   11130.950195   11256.429688   11256.429688   1640343867
43152   11256.780273   11295.580078   10256.209961   10481.660156   10481.660156   1982721124
43153   10481.660156   10941.570313    9757.190430    9847.959961    9847.959961   1795951829
43154    9847.959961   10420.669922    9604.000000   10175.509766   10175.509766   1399448203
43155   10175.509766   10528.000000    9396.540039    9705.730469    9705.730469   1244484468
43156    9705.730469    9873.790039    9329.440430    9610.110352    9610.110352    793093192
43157    9610.110352   10457.509766    9411.820313   10326.500000   10326.500000   1181729273
43158   10326.500000   10879.379883   10154.240234   10594.759766   10594.759766   1060840699
43159   10594.759766   11067.759766   10303.139648   10334.440430   10334.440430   1126074675
43160   10334.440430   11090.299805   10247.559570   10929.370117   10929.370117    952472120
43161   10929.370117   11191.940430   10801.450195   11043.120117   11043.120117    852908489
43162   11043.120117   11530.660156   11043.120117   11465.360352   11465.360352    812200126
43163   11465.360352   11539.790039   11084.009766   11504.419922   11504.419922    690727335
43164   11503.940430   11694.150391   11431.549805   11440.730469   11440.730469    791471905
43165   11440.330078   11441.650391   10589.280273   10735.450195   10735.450195   1210081181
43166   10735.450195   10913.700195    9470.730469    9928.559570    9928.559570   1858869115
43167    9928.559570   10119.209961    9086.849609    9316.719727    9316.719727   1492236089
43168    9316.769531    9433.379883    8393.450195    9252.759766    9252.759766   2081621422
43169    9252.759766    9518.620117    8727.429688    8797.269531    8797.269531   1084925795
43170    8797.269531    9735.639648    8484.320313    9544.839844    9544.839844   1374814644
43171    9543.980469    9907.410156    8796.519531    9142.150391    9142.150391   1435404200
43172    9142.269531    9486.120117    8856.650391    9160.120117    9160.120117   1228556284
43173    9160.120117    9360.660156    7966.939941    8217.700195    8217.700195   1385572511
43174    8216.219727    8432.120117    7698.470215    8268.410156    8268.410156   1519850464
43175    8267.950195    8616.629883    7924.109863    8283.230469    8283.230469   1082790136
43176    8283.230469    8360.639648    7765.410156    7883.450195    7883.450195    901939422
43177    7882.669922    8299.860352    7318.459961    8215.400391    8215.400391   1535519444
43178    8215.500000    8725.599609    8129.660156    8623.139648    8623.139648   1447812723
43179    8623.139648    9056.230469    8339.799805    8920.709961    8920.709961   1150462439
43180    8920.530273    9184.509766    8778.690430    8911.349609    8911.349609    991376396
43181    8911.370117    9107.000000    8500.879883    8724.980469    8724.980469   1023286566
43182    8724.980469    8935.879883    8307.580078    8934.799805    8934.799805    939997284
43183    8935.509766    9036.230469    8515.530273    8548.059570    8548.059570    827663165
43184    8548.389648    8690.360352    8395.849609    8472.839844    8472.839844    657643520
43184    8472.559570    8521.040039    7869.270020    8152.200195    8152.200195   1079038734
43185    8152.180176    8226.240234    7752.299805    7808.479980    7808.479980    930754990
43186    7808.419922    8117.790039    7752.600098    7959.779785    7959.779785    657712114
43187    7959.779785    7983.770020    6927.109863    7106.620117    7106.620117   1379180030
43188   7106.620117   7280.270020   6595.259766   6853.759766   6853.759766 1584675343
43189   6853.750000   7228.399902   6806.339844   6943.770020   6943.770020 915400590
43190   6943.770020   7056.220215   6463.540039   6835.839844   6835.839844 889887684
43191   6835.580078   8218.660156   6792.299805   7074.600098   7074.600098 748861435
43192   7074.649902   7528.970215   7039.879883   7434.299805   7434.299805 905326798
43193   7434.299805   7442.419922   6727.089844   6815.500000   6815.500000 877199782
43194   6815.500000   6933.660156   6602.379883   6790.450195   6790.450195    777145174
43195   6790.450195   6869.529785   6526.669922   6634.859863   6634.859863    605651287
43196   6634.859863   7083.850098   6624.470215   6917.200195   6917.200195    564883141
43197   6917.200195   7132.029785   6911.020020   7049.919922   7049.919922    425825572
43198   7049.919922   7204.279785   6633.689941   6789.529785   6789.529785    901883664
43199   6789.529785   6922.839844   6676.720215   6871.069824   6871.069824    424510977
43200   6871.069824   6999.370117   6839.160156   6977.129883   6977.129883    450141340
43201   6977.040039   8051.950195   6791.330078   7927.729980   7927.729980   1490759969
43202   7927.729980   8237.160156   7758.799805   7899.109863   7899.109863   1171435820
43203   7898.740234   8195.339844   7841.189941   8022.509766   8022.509766    537286381
43204   8022.509766   8437.030273   8021.040039   8376.730469   8376.730469    570527804
43205   8376.730469   8430.929688   7929.240234   8079.770020   8079.770020    713471956
43206   8079.770020   8187.600098   7858.120117   7921.629883   7921.629883    580880500
43207   7921.649902   8246.570313   7908.919922   8189.959961   8189.959961    593500791
43208   8189.919922   8321.009766   8136.419922   8301.820313   8301.820313    602099034
43209   8301.820313   8945.139648   8243.490234   8877.080078   8877.080078    979994921
43210   8877.150391   9047.820313   8631.179688   8935.719727   8935.719727    829073400
43211   8935.849609   9043.980469   8788.440430   8823.360352   8823.360352    610183093
43212   8823.459961   9025.730469   8804.200195   8968.250000   8968.250000    553892335
43213   8967.860352   9741.910156   8957.679688   9655.769531   9655.769531   1276464750
43214   9657.690430   9765.230469   8757.059570   8873.620117   8873.620117   1779806222
43215   8873.570313   9315.129883   8669.379883   9282.120117   9282.120117    997427934
43216   9289.009766   9385.870117   8923.480469   8938.469727   8938.469727    758182407
43217   8938.469727   9435.900391   8892.519531   9351.469727   9351.469727    774111704
43218   9349.940430   9552.669922   9189.070313   9407.040039   9407.040039    640931911
43219   9407.349609   9459.809570   9133.599609   9248.450195   9248.450195    574099218
43220   9248.250000   9251.660156   8851.099609   9077.280273   9077.280273    669555436
43221   9077.280273   9271.620117   8993.820313   9232.190430   9232.190430    527488395
43222   9232.190430   9817.190430   9172.280273   9745.040039   9745.040039    857646889
43223   9746.259766   9785.150391   9547.209961   9699.610352   9699.610352    663887678
43224   9700.370117   9968.849609   9687.089844   9845.900391   9845.900391    679872376
43225   9846.440430   9936.959961   9441.929688   9644.919922   9644.919922    608650204
43226   9643.990234   9662.230469   9202.129883   9377.809570   9377.809570    692580062
43227   9377.080078   9472.089844   9063.070313   9196.129883   9196.129883    673924125
43228   9196.129883   9373.459961   8987.269531   9321.160156   9321.160156    625495066
43229   9321.519531   9393.950195   9017.129883   9032.219727   9032.219727    629850604
43230   9032.219727   9032.269531   8363.500000   8421.000000   8421.000000   1176888629
43231   8420.820313   8653.799805   8225.969727   8486.669922   8486.669922    783972252
43232   8488.070313   8773.959961   8350.910156   8709.459961   8709.459961    525395861
43233   8709.459961   8883.000000   8312.719727   8672.900391   8672.900391    874543293
43234   8672.879883   8848.690430   8441.250000   8480.160156   8480.160156    730739738
43235   8480.160156   8501.650391   8119.169922   8344.780273   8344.780273    789660713
43236   8342.690430   8476.450195   8015.770020   8071.040039   8071.040039    615539512
43237   8071.040039   8280.450195   7940.350098   8247.910156   8247.910156    558167598
43238   8247.910156   8397.269531   8160.799805   8249.240234   8249.240234    381458405
43239   8249.240234   8591.450195   8181.459961   8533.000000   8533.000000    418898289
43240   8533.219727   8585.849609   8347.879883   8419.650391   8419.650391    463653636
43241   8419.669922   8428.599609   7962.430176   7992.750000   7992.750000    543342369
43242   7992.750000   8031.629883   7460.660156   7505.770020   7505.770020    934151146
43243   7505.770020   7729.479980   7283.770020   7584.740234   7584.740234    826278113
43244   7584.779785   7652.370117   7347.959961   7475.359863   7475.359863    634474356
43245   7475.359863   7626.689941   7314.709961   7355.060059   7355.060059    368322782
43246   7355.060059   7420.069824   7256.669922   7362.229980   7362.229980    341348321
43247   7362.229980   7455.549805   7092.910156   7118.879883   7118.879883    526854342
43248   7118.879883   7533.029785   7069.009766   7474.750000   7474.750000    634849312
43249   7474.750000   7571.080078   7295.779785   7393.020020   7393.020020    505870974
43250   7393.020020   7608.870117   7349.520020   7502.149902   7502.149902    458223966
43251   7501.740234   7614.660156   7370.270020   7530.549805   7530.549805    458687659
43252   7530.549805   7697.339844   7467.790039   7643.259766   7643.259766    362414878
43253   7643.259766   7774.959961   7606.759766   7719.750000   7719.750000    332313005
43254   7719.729980   7760.729980   7469.209961   7503.200195   7503.200195    427448262
43255   7503.319824   7672.700195   7394.970215   7629.399902   7629.399902    440337235
43256   7629.399902   7701.350098   7504.979980   7661.790039   7661.790039    396116252
43257   7661.790039   7755.919922   7651.129883   7700.109863   7700.109863    342475552
43258   7700.399902   7709.609863   7559.500000   7627.520020   7627.520020    310119047
43259   7627.560059   7691.740234   7495.720215   7513.689941   7513.689941    218013881
43260   7513.759766   7514.040039   6661.979980   6773.720215   6773.720215    895514425
43261   6773.720215   6913.850098   6652.890137   6887.370117   6887.370117    482788065
43262   6887.430176   6888.330078   6462.609863   6556.939941   6556.939941    509372466
43263   6556.939941   6623.000000   6140.629883   6310.430176   6310.430176    797087281
43264   6310.430176   6719.439941   6286.229980   6643.259766   6643.259766    620296377
43265   6643.629883   6667.229980   6380.689941   6396.709961   6396.709961    379228601
43266   6396.709961   6569.149902   6345.990234   6503.100098   6503.100098    232802782
43267   6503.100098   6585.770020   6446.379883   6457.779785   6457.779785    224575526
43268   6457.779785   6802.029785   6401.410156   6714.819824   6714.819824    430241689
43269   6714.560059   6839.600098   6672.200195   6741.279785   6741.279785   370797057
43270   6741.279785   6817.899902   6569.959961   6761.270020   6761.270020   400530201
43271   6761.270020   6790.080078   6687.660156   6720.640137   6720.640137   295690715
43272   6720.640137   6731.509766   5941.319824   6051.470215   6051.470215   862826624
43273   6051.470215   6257.879883   6033.200195   6166.540039   6166.540039   350697378
43274   6166.359863   6254.020020   5782.129883   6157.779785   6157.779785   667479078
43275   6157.779785   6344.450195   6095.250000   6260.350098   6260.350098   492834172
43276   6260.399902   6286.359863   6067.490234   6088.390137   6088.390137 391396653
43277   6092.259766   6192.109863   6021.689941   6141.569824   6141.569824 383457137
43278   6141.569824   6172.229980   5844.259766   5871.279785   5871.279785 385907044
43279   5870.810059   6286.669922   5813.020020   6203.799805   6203.799805 554799001
43280   6203.810059   6503.330078   6194.509766   6385.379883   6385.379883 419284677
43281   6385.430176   6429.500000   6262.720215   6339.040039   6339.040039 259708490
43282   6342.689941   6673.709961   5537.859863   6615.660156   6615.660156 465915661
43283   6616.600098   6670.299805   6473.479980   6509.580078   6509.580078 356390898
43284   6508.430176   6777.970215   6411.129883   6590.060059   6590.060059 412202352
43285   6589.770020   6691.319824   6448.229980   6534.810059   6534.810059 421189063
43286   6534.810059   6633.439941   6458.140137   6602.020020   6602.020020 310759733
43287   6602.029785   6814.419922   6518.229980   6758.080078   6758.080078 277167900
43288   6758.080078   6782.850098   6684.149902   6707.379883   6707.379883 268455446
43289   6707.459961   6803.100098   6625.580078   6668.839844   6668.839844 328316145
43290   6668.839844   6683.609863   6277.229980   6306.850098   6306.850098 470432142
43291   6306.870117   6405.589844   6293.680176   6394.359863   6394.359863 327667754
43292   6394.359863   6394.930176   6084.000000   6253.600098   6253.600098 409078182
43293   6253.660156   6349.209961   6131.540039   6229.830078   6229.830078 319802271
43294   6229.609863   6332.459961   6190.180176   6268.750000   6268.750000 174416786
43295   6268.319824   6401.500000   6245.750000   6364.259766   6364.259766 218543291
43296   6364.259766   6761.839844   6349.830078   6740.549805   6740.549805 494264915
43297   6740.540039   7476.240234   6677.560059   7326.700195   7326.700195 799401451
43298   7326.759766   7590.649902   7253.709961   7383.390137   7383.390137 788460811
43299   7383.390137   7563.700195   7289.899902   7477.500000   7477.500000 522544440
43300   7477.100098   7676.549805   7279.339844   7333.930176   7333.930176 603034414
43301   7333.930176   7453.069824   7220.370117   7405.399902   7405.399902 297440355
43302   7405.399902   7569.279785   7345.250000   7398.640137   7398.640137 355565264
43303   7398.640137   7798.589844   7376.660156   7718.000000   7718.000000 745533303
43304   7718.000000   8485.709961   7692.160156   8395.820313   8395.820313 1166560702
43305   8395.809570   8481.110352   8061.069824   8170.229980   8170.229980 736530740
43306   8170.370117   8302.240234   7862.669922   7937.250000   7937.250000 643953970
43307   7937.100098   8278.009766   7806.250000   8182.890137   8182.890137 646256012
43308   8182.879883   8238.040039   8070.040039   8230.870117   8230.870117 295872316
43309   8230.820313   8291.549805   8123.529785   8216.780273   8216.780273 280233415
43310   8216.700195   8273.610352   7867.439941   8176.060059   8176.060059 681120739
43311   8176.080078   8176.270020   7663.700195   7735.299805   7735.299805 765186307
43312   7736.250000   7760.740234   7449.310059   7610.899902   7610.899902 595404848
43313   7610.899902   7713.319824   7470.859863   7542.339844   7542.339844 424093581
43314   7542.339844   7542.490234   7296.759766   7417.600098   7417.600098 586982505
43315   7417.600098   7490.890137   6940.149902   7017.890137   7017.890137 534002935
43316   7017.890137   7092.529785   6898.310059   7042.390137   7042.390137 368914046
43317   7042.569824   7160.399902   6854.790039   6945.779785   6945.779785 410408444
43318   6945.770020   7150.859863   6685.020020   6723.209961   6723.209961 575690006
43319   6723.290039   6723.990234   6133.029785   6285.020020   6285.020020 838853615
43320   6285.060059   6631.229980   6195.020020   6543.240234   6543.240234 575748446
43321   6543.250000   6582.140137   6025.910156   6153.410156   6153.410156 639457019
43322   6152.950195   6488.549805   6014.259766   6242.540039   6242.540039 545722619
43323   6242.529785   6483.390137   6176.890137   6322.919922   6322.919922 366460108
43324   6322.410156   6545.020020   6157.029785   6263.200195   6263.200195 452431672
43325   6263.200195   6266.500000   5891.870117   6199.600098   6199.600098 759847789
43326   6199.629883   6620.069824   6193.629883   6274.220215   6274.220215 852103141
43327   6274.220215   6478.069824   6217.330078   6323.810059   6323.810059 454679037
43328   6323.810059   6594.720215   6300.450195   6591.160156   6591.160156 477089455
43329   6591.180176   6622.160156   6322.439941   6405.709961   6405.709961 336744293
43330   6405.740234   6560.879883   6330.560059   6502.180176   6502.180176 253984821
43331   6502.240234   6537.540039   6248.390137   6269.899902   6269.899902 397981291
43332   6270.089844   6506.689941   6259.810059   6491.109863   6491.109863 396746063
43333   6491.089844   6890.790039   6264.339844   6366.129883   6366.129883 764005011
43334   6366.140137   6575.279785   6356.959961   6538.950195   6538.950195 340811486
43335   6539.129883   6736.830078   6481.759766   6708.959961   6708.959961 382456858
43336   6708.939941   6808.890137   6684.189941   6749.560059   6749.560059 258296664
43337   6749.709961   6793.169922   6588.479980   6720.600098   6720.600098 265820591
43338   6720.600098   6944.209961   6674.839844   6915.729980   6915.729980 405769271
43339   6915.919922   7136.709961   6877.200195   7091.379883   7091.379883 487789642
43340   7091.379883   7137.470215   6944.759766   7052.000000   7052.000000 356139022
43341   7051.609863   7072.640137   6818.689941   6998.759766   6998.759766 425475685
43342   6998.759766   7096.729980   6903.080078   7026.959961   7026.959961 349131152
43343   7026.959961   7272.029785   7025.580078   7203.459961   7203.459961 300301833
43344   7203.459961   7384.379883   7144.709961   7301.259766   7301.259766 447453370
43345   7301.250000   7350.580078   7204.890137   7270.049805   7270.049805 309327793
43346   7270.049805   7417.649902   7246.759766   7369.859863   7369.859863 343762001
43347   7369.890137   7401.430176   6694.060059   6705.029785   6705.029785 797851163
43348   6705.060059   6727.189941   6295.109863   6515.419922   6515.419922 823309044
43349   6515.419922   6549.390137   6345.479980   6411.779785   6411.779785 344487244
43350   6413.120117   6480.569824   6134.759766   6200.160156   6200.160156   317380272
43351   6200.229980   6451.250000   6161.830078   6249.069824   6249.069824   244400344
43352   6249.069824   6371.419922   6247.640137   6324.430176   6324.430176   320435279
43353   6324.430176   6415.509766   6199.189941   6295.540039   6295.540039   324512939
43354   6295.540039   6357.890137   6208.279785   6337.109863   6337.109863   332537236
43355   6337.080078   6534.890137   6337.080078   6492.000000   6492.000000   425090869
43356   6492.169922   6591.589844   6393.839844   6486.009766   6486.009766   377989402
43357   6485.390137   6573.189941   6473.470215   6522.080078   6522.080078   208349557
43358   6522.680176   6525.049805   6404.310059   6502.439941   6502.439941   200545603
43359   6502.439941   6538.819824   6216.830078   6261.479980   6261.479980    399675966
43360   6261.330078   6393.390137   6238.250000   6346.439941   6346.439941    348485895
43361   6346.439941   6522.899902   6131.020020   6398.799805   6398.799805    452379323
43362   6398.830078   6551.930176   6361.330078   6505.899902   6505.899902    301619960
43363   6505.970215   6785.220215   6501.009766   6762.060059   6762.060059    569642976
43364   6762.069824   6834.490234   6633.009766   6716.600098   6716.600098    261159308
43365   6716.600098   6768.560059   6663.899902   6702.700195   6702.700195    169080003
43366   6702.729980   6717.600098   6557.819824   6583.529785   6583.529785    324660682
43367   6583.529785   6583.540039   6333.209961   6437.740234   6437.740234    420279170
43368   6437.740234   6543.919922   6383.160156   6462.600098   6462.600098    264402806
43369   6462.600098   6733.939941   6434.759766   6686.129883   6686.129883    345096700
43370   6686.129883   6806.100098   6545.410156   6635.379883   6635.379883    497340510
43371   6635.399902   6635.419922   6474.229980   6603.750000   6603.750000    245055396
43372   6603.750000   6741.959961   6543.680176   6623.709961   6623.709961    174302164
43373   6623.819824   6662.600098   6510.540039   6594.979980   6594.979980    256959931
43374   6594.979980   6618.950195   6478.040039   6525.470215   6525.470215    267166277
43375   6525.459961   6537.069824   6428.979980   6492.259766   6492.259766    306385346
43376   6492.609863   6622.319824   6486.859863   6579.790039   6579.790039    277614018
43377   6580.000000   6683.549805   6546.979980   6632.870117   6632.870117    262562344
43378   6632.879883   6637.080078   6563.250000   6589.939941   6589.939941    162722103
43379   6589.939941   6622.490234   6535.020020   6601.149902   6601.149902    179378859
43380   6601.459961   6698.310059   6565.009766   6650.069824   6650.069824    313507433
43381   6650.069824   6657.000000   6589.390137   6631.790039   6631.790039    213976678
43382   6631.790039   6633.220215   6487.859863   6581.069824   6581.069824    323664963
43383   6581.069824   6581.589844   6171.950195   6209.470215   6209.470215    654924117
43384   6209.470215   6296.560059   6173.859863   6250.850098   6250.850098    289840137
43385   6252.100098   6280.729980   6238.919922   6267.270020   6267.270020    137705035
43386   6267.270020   6346.560059   6247.169922   6277.729980   6277.729980    215422888
43387   6277.729980   7234.830078   6244.770020   6612.359863   6612.359863   1190524168
43388   6612.689941   6724.910156   6545.540039   6583.049805   6583.049805    324232509
43389   6583.049805   6589.200195   6511.600098   6574.520020   6574.520020    220418636
43390   6576.399902   6616.270020   6445.049805   6488.720215   6488.720215    331761115
43391   6489.370117   6503.089844   6449.359863   6469.279785   6469.279785    237855085
43392   6469.279785   6645.200195   6395.450195   6490.560059   6490.560059    127185847
43393   6490.600098   6557.390137   6474.470215   6509.870117   6509.870117    105283929
43394   6509.870117   6531.229980   6460.379883   6483.229980   6483.229980    202766914
43395   6484.319824   6496.200195   6438.990234   6470.220215   6470.220215    220913293
43396   6470.629883   6538.350098   6465.729980   6476.250000   6476.250000    222068131
43397   6476.520020   6497.899902   6432.299805   6462.770020   6462.770020    231214963
43398   6462.770020   6514.000000   6441.810059   6457.209961   6457.209961    215447656
43399   6457.209961   6479.000000   6445.950195   6470.169922   6470.169922    124066466
43400   6470.169922   6483.240234   6444.740234   6470.740234   6470.740234    109118160
43402   6470.740234   6483.390137   6282.580078   6313.910156   6313.910156    342463526
43403   6314.379883   6340.680176   6286.299805   6309.109863   6309.109863    269592154
43404   6309.109863   6391.250000   6241.490234   6342.609863   6342.609863    245357244
43405   6342.810059   6402.589844   6322.600098   6381.299805   6381.299805    199861220
43406   6381.299805   6420.930176   6371.569824   6394.660156   6394.660156    179385606
43407   6394.649902   6398.089844   6336.959961   6376.319824   6376.319824    183565304
43408   6376.549805   6498.160156   6351.919922   6467.049805   6467.049805    175805188
43409   6467.049805   6475.799805   6406.689941   6433.740234   6433.740234    155758902
43410   6433.529785   6482.810059   6412.560059   6479.720215   6479.720215    239808254
43411   6479.720215   6562.790039   6476.589844   6529.680176   6529.680176    360052788
43412   6530.939941   6542.419922   6438.270020   6446.060059   6446.060059    273205386
43413   6446.060059   6457.970215   6352.450195   6377.990234   6377.990234    237893036
43414   6377.990234   6419.919922   6376.169922   6396.370117   6396.370117     94313328
43415   6396.390137   6414.180176   6326.379883   6408.180176   6408.180176    130156001
43416   6408.180176   6435.410156   6350.870117   6375.080078   6375.080078    181575610
43417   6375.080078   6389.430176   6315.580078   6339.169922   6339.169922    227689745
43418   6339.169922   6375.700195   5469.930176   5741.470215   5741.470215   1045469380
43419   5740.509766   5767.060059   5300.750000   5647.500000   5647.500000    820864013
43420   5647.500000   5676.540039   5487.870117   5586.270020   5586.270020    397196182
43421   5586.970215   5602.009766   5524.700195   5568.939941   5568.939941    164182152
43422   5567.950195   5701.350098   5567.950195   5615.259766   5615.259766    233409182
43423   5615.259766   5615.979980   4757.009766   4809.620117   4809.620117   1072037780
43424   4809.620117   4953.560059   4168.250000   4441.810059   4441.810059   1433400842
43425   4441.810059   4689.549805   4315.580078   4593.040039   4593.040039    686284917
43426   4593.040039   4640.720215   4297.209961   4320.680176   4320.680176    376852837
43427   4320.680176   4419.479980   4157.189941   4343.419922   4343.419922    521825987
43428   4343.419922   4432.000000   3741.199951   3854.110107   3854.110107    503028289
43429   3854.110107   4165.930176   3550.040039   4004.149902   4004.149902    819869496
43430   4004.459961   4124.700195   3598.810059   3784.590088   3784.590088    715341714
43431   3784.770020   3878.899902   3613.110107   3822.989990   3822.989990    555212127